strain1 strain2 Pearson.Correlation.Coefficient.x pcc_TF
3562 3671 0.933595653562699 0
1653 1767 0.933392884903507 0
1377 1649 0.933345209281893 0
2234 3002 0.933296908818257 0
859 1593 0.933100950130701 0
1381 3002 0.933096507794663 0
1377 3061 0.933067986623189 0
1286 1561 0.932906174243229 0
1561 1856 0.932635284392542 0
1314 3107 0.932324983313304 0
2214 2618 0.932218036641558 1
1767 3002 0.932142571490231 0
1314 1461 0.932018715571135 0
1774 1856 0.931953714641733 1
1322 1461 0.931938332508536 0
1314 3002 0.93191731725031 0
1377 1767 0.931260621737288 0
1593 1774 0.931096458636796 0
1377 3107 0.930937662486274 0
1314 1322 0.930896178674063 0
1417 3107 0.930545881219272 1
859 1767 0.93047383005597 1
1767 3562 0.930471419697018 0
1286 1767 0.930386874628808 0
859 1774 0.930355334426369 0
1377 1593 0.930176720449075 0
1417 3562 0.929976284652463 0
1593 3562 0.929848359538566 1
1767 1848 0.929573702662607 0
1286 1653 0.929522221118042 1
1381 1767 0.929362199502757 0
1593 1856 0.929167447499379 0
1322 3562 0.928455599951648 0
1322 1417 0.928284023327074 1
1593 1767 0.927976628176494 0
1286 1649 0.927805326771908 0
1649 1767 0.927801006243636 0
1767 1856 0.927797730427972 0
1286 1593 0.927797698665052 0
1314 3061 0.927771318440402 0
2147 3002 0.927347377592821 0
1461 3061 0.92723022806684 0
2214 2342 0.926654887774499 1
1314 1653 0.926158492350788 0
859 3562 0.925989094735972 0
2342 2618 0.924716995030438 1
1314 1381 0.924698436063004 0
1286 3562 0.924692918731555 0
1355 1450 0.924606412963599 1
2147 3107 0.924407080561541 0
3002 3671 0.924324472982473 0
1314 1856 0.924234441421146 0
1286 1314 0.924000906253156 0
1649 1653 0.923822692080556 0
1593 1653 0.923634402445859 0
1653 3562 0.923418968247136 0
859 1685 0.923204792588444 0
859 3002 0.922869666486366 0
1286 1377 0.92274700095965 0
1461 1593 0.922367186387631 0
1314 1649 0.922229436719316 0
1561 1593 0.922224850709404 1
1377 1774 0.922172854196424 1
1203 1767 0.922108834940445 0
1203 1653 0.922069188734304 0
2147 3061 0.922061627587475 0
1856 3562 0.922039222403112 0
1461 3562 0.921878491367283 0
1561 1774 0.921794953403973 0
2234 3061 0.921681273488318 0
1417 1461 0.921439339717601 0
1377 1417 0.92133904503181 0
1685 3562 0.921307288812785 1
1461 3107 0.921259476050199 0
1417 3002 0.921198785865262 0
1461 1685 0.921196747040027 0
1286 1848 0.920913136966586 0
1377 1381 0.920526509421061 0
1286 1685 0.920442192687688 0
1461 1774 0.920276958759079 0
1848 3002 0.920197340445089 0
1561 1653 0.920130386735693 0
1653 1848 0.920032083423004 0
1377 1848 0.919886198812169 0
1381 1593 0.919819096864203 0
1381 1685 0.919748478264511 0
1739 1856 0.919328941617421 0
1203 3562 0.919327001440388 0
1593 3002 0.919286201729015 1
1377 1461 0.919092159820141 0
1286 1774 0.919018414801709 0
3061 3562 0.918777163620035 1
1417 3061 0.91865664784646 0
1377 1685 0.918094875086003 0
1653 1774 0.918017119430125 0
1286 1322 0.917656691630288 0
1417 1593 0.91743936974758 0
1685 1856 0.917062721759592 0
1856 2886 0.91698591721182 1
1653 1685 0.91683175945323 0
1377 1653 0.916654889006656 0
1561 1767 0.916641228517459 0
859 1377 0.916522437376376 0
1653 2886 0.916480620102191 0
1848 3562 0.916064055937976 0
1649 1856 0.91600331755029 0
1381 3562 0.915911663112412 0
1417 1774 0.915641874801659 0
1461 3002 0.915620626186169 0
1286 3002 0.915510099845332 0
1593 1649 0.91543645298605 1
1774 3061 0.91540526181603 0
1848 1856 0.915251752381382 0
859 1417 0.915144949938314 1
1203 1286 0.915050775168845 0
1314 2886 0.915028953282252 0
2234 3107 0.914818349966724 0
1314 1848 0.914795781736682 0
1984 2618 0.914753168874315 1
859 3107 0.914600517297139 1
1381 3671 0.91455048200671 0
1203 1848 0.914360977183234 0
1685 1767 0.914158439385944 0
1203 3002 0.913951831072984 0
1322 3107 0.913788754289573 1
1561 1848 0.913395939669776 0
1759 1848 0.913336010870985 1
456 3562 0.913302762329087 0
1653 3107 0.91327302775517 0
1649 3562 0.913183132446213 1
1593 3107 0.913077570647265 0
1561 3002 0.913039135215414 1
1381 1417 0.912640051368489 0
1759 2234 0.912471696903733 1
456 1774 0.912341950816161 0
259 328 0.912309055276858 1
1203 1856 0.912090349963253 0
1593 1848 0.911873664890287 0
1593 3061 0.911873394440204 1
1377 3671 0.91186286028609 0
1322 1774 0.911816148981997 0
1203 1649 0.911740920564047 0
1286 1739 0.911694690730559 0
1585 1767 0.9116777075937 0
1759 3002 0.911634990190286 0
456 1203 0.911578448452051 0
1417 2234 0.91140820711304 0
1759 2147 0.911370144905936 1
859 3061 0.911330601658755 0
456 1593 0.910825929440268 0
1322 1685 0.910760199765735 0
1774 3002 0.910691807176418 0
1381 1649 0.910628108073905 0
1417 2147 0.910256727388303 0
456 1856 0.910122579596386 0
1653 3002 0.910093220027098 0
1203 1593 0.909822039960782 1
1417 1685 0.909698710241976 0
1314 3671 0.909696673098484 0
859 1381 0.909695066867927 0
1314 1561 0.909577197375867 0
1767 3107 0.909323962799437 1
456 859 0.909239795295584 1
1488 1669 0.90891289041777 1
1685 3107 0.908857253106073 0
859 1653 0.908790093400726 0
1322 1377 0.90869760371188 0
311 859 0.908589557329215 0
1286 3107 0.908471848785324 0
2170 2217 0.908401286482402 1
1739 1774 0.908326388472379 0
1561 1649 0.907627256918112 1
1767 1774 0.907381189862305 0
456 1649 0.907071789465253 0
1314 2234 0.907062662138966 0
1377 1561 0.907022024188261 0
1377 1759 0.907009861045568 0
1848 2147 0.906886169507784 1
1569 1658 0.906767108865729 1
1649 3002 0.90671531882283 1
2886 3107 0.906601258375778 0
1767 3671 0.906577978608117 1
1286 1461 0.906568472279854 0
1848 2234 0.906514244477467 1
1417 1767 0.906457296502376 1
456 1653 0.906277325159154 0
1848 3107 0.906152766091074 0
1685 3061 0.905881471620896 1
1593 1739 0.905683421502665 1
1561 1685 0.905675421392633 1
1381 1653 0.905554496323979 1
1377 2234 0.905553579657906 0
2234 3562 0.9055087619197 0
1759 1767 0.905475224369859 0
1649 1774 0.905445680404115 0
1856 3107 0.905413709652987 0
1649 2886 0.905215570243515 0
1286 2886 0.905176650444924 0
311 1767 0.904935103054575 0
1314 2147 0.904684647402387 0
859 1561 0.904597117635812 0
1381 2234 0.904560696177217 0
456 1767 0.90441093555055 1
859 1461 0.904401990673859 0
1561 3107 0.904369160912743 0
1774 1848 0.904332884556402 0
3061 3671 0.904294352649277 0
859 1856 0.904235803290122 0
1322 3002 0.904228650226296 0
1381 1848 0.903965815532763 0
456 1286 0.903936749860161 0
2234 3671 0.903722335972915 1
859 1848 0.903324621243999 0
1377 2886 0.903260521796028 1
1381 3061 0.902981967643931 0
3107 3671 0.902946120597987 1
1322 1593 0.902793023822943 0
1561 3562 0.902792447468906 1
88 92 0.902692835766306 1
1848 3061 0.902536751772894 0
311 1314 0.902392424888628 0
456 1314 0.902259557035851 0
2886 3562 0.902047966382457 0
456 3002 0.901907328831396 0
1286 1381 0.90183417273889 1
1417 1848 0.901774334515916 0
1767 3061 0.90150131825842 0
1322 3061 0.901201718889732 0
1649 1848 0.901148341159987 0
527 530 0.901136806633841 1
1314 1739 0.900902568391942 0
2147 3562 0.900890147465399 0
1685 3002 0.900863746844564 1
1417 1653 0.900661537335161 0
1203 1377 0.900308488774175 0
1685 2886 0.900290228985435 0
1377 2147 0.899840161784602 0
1649 1685 0.899776735073256 1
1767 2886 0.89953565090716 0
1593 2886 0.899248946260524 0
1653 1759 0.899091713971208 0
1377 1856 0.898785298515183 1
3538 3562 0.898654178666283 0
146 3219 0.89832721562672 1
1417 2886 0.898166746251799 0
1461 2234 0.897679432596676 0
2217 2307 0.897425298371851 1
1477 1581 0.896963845174722 1
1774 2886 0.896938828879244 1
1381 3107 0.896161637536768 0
1561 3061 0.896086021198576 1
456 1377 0.895855387205743 0
2170 2342 0.895733316468965 1
1322 1381 0.895676057964219 0
1417 3671 0.89563504740107 1
859 1286 0.895446426099181 0
1739 3562 0.895082089403656 1
1286 3061 0.895057216519707 0
1593 2234 0.895055012090543 0
1203 1381 0.895031947415214 0
1585 1649 0.894540022686842 0
1286 1417 0.89452759492193 0
1461 1653 0.894500043873122 0
1203 1314 0.894392545455221 0
1649 1739 0.89427391753429 1
456 1322 0.8941668302558 1
1739 1767 0.893746299197079 0
1381 1561 0.893656484014823 0
1203 1585 0.893655762342014 1
1848 2886 0.89339369515352 0
1203 1417 0.893351651092905 0
